8483
8571
8570
8510
8573
8540
8481
8512
8511
8514
8543
8482
8513
8572
8484
8542
8480
8547
8546
8487
8516
8486
8515
8485
8574
8575
8577
8576
8545
8544
8488
8517
8550
8551
8519
8578
8549
8582
8579
8522
8584
2359
2275
2686
5417
5513
5310
5316
5411
5517
2600
2488
2178
2385
2699
2698
2601
2691
2179
2382
2298
2497
2687
2486
2297
2295
2279
2378
2498
2383
2296
2479
2183
2477
2177
8518
8580
8492
8490
8491
8552
8548
8581
5419
5516
5515
5418
5312
5313
5422
5314
5519
5415
5416
8523
8553
8554
8524
8494
8493
8583
5311
5514
5518
2271
2349
2159
2475
2160
2353
2456
2668
2682
8520
8521
8489
2439
2679
2356
2272
2158
2161
2154
2278
2459
2664
2685
2357
2273
2473
2654
2453
2274
2366
2153
2156
8541
7208
7821
7109
7306
7405
7805
7811
7207
7108
7304
7404
7305
7803
7107
7301
7205
7101
7200
7401
7400